                     CLIMATOLOGICAL SUMMARY for year 2013


NAME: Wainuiomata, Lower Hutt, New Zealand                  
ELEV: 107 meters    LAT: 41-15.12 S    LONG: 174-57.24 E


                                       TEMPERATURE (C)

                              HEAT    COOL                              MAX    MAX    MIN    MIN
          MEAN   MEAN         DEG     DEG                                >=     <=     <=     <=
 YR  MO   MAX    MIN    MEAN  DAYS    DAYS      HI  DAY     LOW  DAY     30      0      0    -20
------------------------------------------------------------------------------------------------
2013 01
2013 02
2013 03
2013 04   20.0   11.7   14.6   39.8    0.0    21.8   29     5.4   30      0      0      0      0
2013 05   16.8    6.9   10.6  432.0    0.0    22.1   04    -1.8   29      0      0      1      0
2013 06   13.3    6.0    8.9  509.2    0.0    18.2   10    -2.0   25      0      0      4      0
2013 07   13.9    6.0    9.4  501.1    0.0    16.9   18    -2.4   08      0      0      3      0
2013 08   15.8    7.1   10.5  435.1    0.0    21.1   24     0.7   14      0      0      0      0
2013 09   16.3    7.2   10.8  404.7    0.0    19.0   30    -1.4   02      0      0      2      0
2013 10   17.9    9.3   12.6  319.3    0.0    21.4   19     1.3   28      0      0      0      0
2013 11   21.3   10.6   14.9  187.7    1.0    26.3   22     3.8   14      0      0      0      0
2013 12   22.7   13.3   16.5   91.7    4.7    26.6   02     5.1   02      0      0      0      0
------------------------------------------------------------------------------------------------
          17.3    8.4   11.7 2920.7    5.7    26.6  Dec    -2.4  Jul      0      0     10      0


                  PRECIPITATION (mm)

                  MAX         ---DAYS OF RAIN---
                  OBS.               OVER
 YR  MO  TOTAL    DAY  DATE   0.30   3.00  30.00
------------------------------------------------
2013 01
2013 02
2013 03
2013 04
2013 05
2013 06
2013 07
2013 08
2013 09
2013 10
2013 11
2013 12
------------------------------------------------
           0.0    0.0   N/A      0      0      0


           WIND SPEED (m/s)

                                DOM
 YR  MO    AVG     HI   DATE    DIR
-----------------------------------
2013 01
2013 02
2013 03
2013 04
2013 05
2013 06
2013 07
2013 08
2013 09
2013 10
2013 11
2013 12
-----------------------------------
           N/A    N/A    N/A     90

