                     CLIMATOLOGICAL SUMMARY for year 2014


NAME: Wainuiomata, Lower Hutt, New Zealand                  
ELEV: 107 meters    LAT: 41-15.12 S    LONG: 174-57.24 E


                                       TEMPERATURE (C)

                              HEAT    COOL                              MAX    MAX    MIN    MIN
          MEAN   MEAN         DEG     DEG                                >=     <=     <=     <=
 YR  MO   MAX    MIN    MEAN  DAYS    DAYS      HI  DAY     LOW  DAY     30      0      0    -20
------------------------------------------------------------------------------------------------
2014 01   21.9   11.8   15.9  134.1    2.9    25.9   29     4.9   28      0      0      0      0
2014 02   23.1   11.9   16.5  106.3   11.5    28.3   19     3.8   01      0      0      0      0
2014 03   21.4   10.8   14.9  195.1    2.6    26.4   15     3.2   03      0      0      0      0
2014 04   18.7   10.3   13.6  260.9    0.0    24.1   14     2.2   26      0      0      0      0
2014 05   15.8    7.7   11.1  386.2    0.0    18.9   03    -1.5   30      0      0      3      0
2014 06   14.7    7.0   10.8  407.8    0.0    17.2   08    -1.2   01      0      0      3      0
2014 07   11.7    4.5    8.0  572.8    0.0    16.7   05    -1.3   07      0      0      4      0
2014 08   12.9    3.3    7.9  584.3    0.0    16.2   01    -2.5   09      0      0      5      0
2014 09   16.0    6.4   10.9  403.5    0.0    21.5   24     0.2   22      0      0      0      0
2014 10   17.7    6.2   11.9  358.4    0.0    21.6   15    -1.7   04      0      0      1      0
2014 11   18.1    8.8   13.0  287.0    0.0    22.8   10     2.2   07      0      0      0      0
2014 12   20.8   11.0   15.7  155.6    4.0    27.4   16     4.1   15      0      0      0      0
------------------------------------------------------------------------------------------------
          17.7    8.3   12.4 3852.0   20.9    28.3  Feb    -2.5  Aug      0      0     16      0


                  PRECIPITATION (mm)

                  MAX         ---DAYS OF RAIN---
                  OBS.               OVER
 YR  MO  TOTAL    DAY  DATE   0.30   3.00  30.00
------------------------------------------------
2014 01
2014 02
2014 03
2014 04
2014 05
2014 06
2014 07
2014 08
2014 09
2014 10
2014 11
2014 12
------------------------------------------------
           0.0    0.0   N/A      0      0      0


           WIND SPEED (m/s)

                                DOM
 YR  MO    AVG     HI   DATE    DIR
-----------------------------------
2014 01
2014 02
2014 03
2014 04
2014 05
2014 06
2014 07
2014 08
2014 09
2014 10
2014 11
2014 12
-----------------------------------
           N/A    N/A    N/A     90

