                     CLIMATOLOGICAL SUMMARY for year 2015


NAME: Wainuiomata, Lower Hutt, New Zealand                  
ELEV: 107 meters    LAT: 41-15.12 S    LONG: 174-57.24 E


                                       TEMPERATURE (C)

                              HEAT    COOL                              MAX    MAX    MIN    MIN
          MEAN   MEAN         DEG     DEG                                >=     <=     <=     <=
 YR  MO   MAX    MIN    MEAN  DAYS    DAYS      HI  DAY     LOW  DAY     30      0      0    -20
------------------------------------------------------------------------------------------------
2015 01   25.1   12.1   18.3   41.3   38.1    29.7   27     5.3   22      0      0      0      0
2015 02   21.6   11.7   16.3   82.6    5.1    26.2   13     5.6   10      0      0      0      0
2015 03   20.1   11.8   15.5   93.7    0.0    24.4   11     6.2   19      0      0      0      0
2015 04   18.0    9.4   13.6  254.9    0.5    22.4   02     1.2   14      0      0      0      0
2015 05   15.1    7.1   11.3  393.9    0.0    18.8   02    -4.0   25      0      0      5      0
2015 06   13.3    4.4    9.1  503.2    0.0    17.9   02    -1.4   16      0      0      3      0
2015 07   11.9    3.9    8.1  563.0    0.0    15.8   16    -3.1   13      0      0      4      0
2015 08   13.7    4.1    8.8  152.9    0.0    15.7   28    -1.9   21      0      0      2      0
2015 09   13.9    5.4    9.3  457.3    0.0    18.5   15    -0.2   27      0      0      1      0
2015 10   17.6    7.3   12.1  344.4    0.0    20.7   24    -0.6   08      0      0      1      0
2015 11   18.4    8.4   12.9  293.1    0.0    25.4   30    -0.1   05      0      0      1      0
2015 12   21.5    9.5   15.3  177.2    5.5    30.4   31     3.1   29      1      0      0      0
------------------------------------------------------------------------------------------------
          17.6    7.9   12.6 3357.5   49.2    30.4  Dec    -4.0  May      1      0     17      0


                  PRECIPITATION (mm)

                  MAX         ---DAYS OF RAIN---
                  OBS.               OVER
 YR  MO  TOTAL    DAY  DATE   0.30   3.00  30.00
------------------------------------------------
2015 01
2015 02
2015 03
2015 04
2015 05
2015 06
2015 07
2015 08
2015 09
2015 10
2015 11   31.0   10.0    26      7      4      0
2015 12   35.0    8.0    17      9      5      0
------------------------------------------------
          66.0   10.0   Nov     16      9      0


           WIND SPEED (m/s)

                                DOM
 YR  MO    AVG     HI   DATE    DIR
-----------------------------------
2015 01
2015 02
2015 03
2015 04
2015 05
2015 06
2015 07
2015 08
2015 09
2015 10
2015 11
2015 12
-----------------------------------
           N/A    N/A    N/A     90

