                     CLIMATOLOGICAL SUMMARY for year 2018


NAME: Wainuiomata, Lower Hutt, New Zealand                  
ELEV: 107 meters    LAT: 41-15.12 S    LONG: 174-57.24 E


                                       TEMPERATURE (C)

                              HEAT    COOL                              MAX    MAX    MIN    MIN
          MEAN   MEAN         DEG     DEG                                >=     <=     <=     <=
 YR  MO   MAX    MIN    MEAN  DAYS    DAYS      HI  DAY     LOW  DAY     30      0      0    -20
------------------------------------------------------------------------------------------------
2018 01   26.7   15.9   20.6   16.9  144.7    31.4   29    10.2   07      6      0      0      0
2018 02   23.8   13.9   18.2   54.8   51.0    27.9   09     4.7   04      0      0      0      0
2018 03   22.3   12.0   16.5  115.5   14.5    28.1   04     3.6   11      0      0      0      0
2018 04   18.8    8.5   13.3  270.5    0.0    23.2   05     1.4   19      0      0      0      0
2018 05   15.6    6.9   11.3  391.1    0.0    22.0   09     0.6   03      0      0      0      0
2018 06   13.1    4.2    8.4  533.8    0.0    16.5   17    -2.4   22      0      0      7      0
2018 07   13.7    4.3    9.0  519.2    0.0    16.4   14    -2.0   13      0      0      8      0
2018 08   14.8    5.4    9.6  483.9    0.0    18.1   30    -1.3   26      0      0      1      0
2018 09   15.4    5.7   10.1  443.6    0.0    22.1   20     0.4   12      0      0      0      0
2018 10   18.3    7.2   12.0  354.4    0.0    23.1   22    -1.9   19      0      0      2      0
2018 11   20.1    9.3   14.0  233.7    0.0    25.7   14     3.8   11      0      0      0      0
2018 12   23.2   12.1   17.0   82.0    7.3    27.2   13     8.4   28      0      0      0      0
------------------------------------------------------------------------------------------------
          18.8    8.8   13.3 3499.4  217.6    31.4  Jan    -2.4  Jun      6      0     18      0


                  PRECIPITATION (mm)

                  MAX         ---DAYS OF RAIN---
                  OBS.               OVER
 YR  MO  TOTAL    DAY  DATE   0.30   3.00  30.00
------------------------------------------------
2018 01   98.0   43.0    05      8      7      1
2018 02  166.0   75.0    20     11      8      1
2018 03   70.0   39.0    22      9      4      1
2018 04  158.0   61.0    10     10      8      1
2018 05  135.0   21.0    28     16     12      0
2018 06  259.0   50.0    12     19     13      3
2018 07  191.0   77.0    08     19     10      1
2018 08  186.0   27.0    31     18     16      0
2018 09  199.0   73.0    03     10      7      2
2018 10  158.0   50.0    12     12      8      2
2018 11  191.0   60.0    27     14     12      1
2018 12  122.0   35.0    19     12      9      1
------------------------------------------------
        1933.0   77.0   Jul    158    114     14


           WIND SPEED (m/s)

                                DOM
 YR  MO    AVG     HI   DATE    DIR
-----------------------------------
2018 01
2018 02
2018 03
2018 04
2018 05
2018 06
2018 07
2018 08
2018 09
2018 10
2018 11
2018 12
-----------------------------------
           N/A    N/A    N/A     90

