                     CLIMATOLOGICAL SUMMARY for year 2020


NAME: Wainuiomata, Lower Hutt, New Zealand                  
ELEV: 107 meters    LAT: 41-15.12 S    LONG: 174-57.24 E


                                       TEMPERATURE (C)

                              HEAT    COOL                              MAX    MAX    MIN    MIN
          MEAN   MEAN         DEG     DEG                                >=     <=     <=     <=
 YR  MO   MAX    MIN    MEAN  DAYS    DAYS      HI  DAY     LOW  DAY     30      0      0    -20
------------------------------------------------------------------------------------------------
2020 01   24.4   11.8   17.3   92.6   37.4    31.8   26     3.8   15      2      0      0      0
2020 02   25.3   12.7   18.4   31.1   36.8    29.6   15     4.9   24      0      0      0      0
2020 03   21.7   10.0   15.0  189.2    2.1    27.4   16     2.6   25      0      0      0      0
2020 04   19.2    8.2   13.3  269.4    0.0    23.6   05     1.5   29      0      0      0      0
2020 05   16.7    5.3   10.7  426.6    0.0    20.7   11    -1.6   20      0      0      2      0
2020 06   14.0    5.5    9.5  478.0    0.0    18.4   27    -2.8   14      0      0      3      0
2020 07   13.5    3.5    8.0  574.4    0.0    19.1   20    -1.7   26      0      0      6      0
2020 08   15.4    4.5    9.4  498.3    0.0    18.2   02    -3.4   15      0      0      6      0
2020 09   15.3    6.1   10.6  417.6    0.0    19.5   20    -1.6   30      0      0      3      0
2020 10   18.5    8.4   12.8  309.1    0.0    22.4   04    -1.6   01      0      0      3      0
2020 11   19.3   10.2   14.0  234.8    0.1    24.6   26     4.6   12      0      0      0      0
2020 12   21.1   11.0   15.4  164.1    0.0    26.1   20     2.0   02      0      0      0      0
------------------------------------------------------------------------------------------------
          18.7    8.1   12.9 3685.1   76.3    31.8  Jan    -3.4  Aug      2      0     23      0


                  PRECIPITATION (mm)

                  MAX         ---DAYS OF RAIN---
                  OBS.               OVER
 YR  MO  TOTAL    DAY  DATE   0.30   3.00  30.00
------------------------------------------------
2020 01   18.0   18.0    13      1      1      0
2020 02   46.0   17.0    23      8      6      0
2020 03  235.0  112.0    28     12      7      2
2020 04   30.0    8.0    13      6      5      0
2020 05  153.0   50.0    05     11      7      2
2020 06  227.0   46.0    18     20     15      2
2020 07  111.0   37.0    02     12      8      1
2020 08   57.0   14.0    08      9      6      0
2020 09  177.0   52.0    18     12     10      2
2020 10  110.0   38.0    12     14      7      1
2020 11  271.0   85.0    10     16     13      3
2020 12  186.0   39.0    27     13     12      2
------------------------------------------------
        1621.0  112.0   Mar    134     97     15


           WIND SPEED (m/s)

                                DOM
 YR  MO    AVG     HI   DATE    DIR
-----------------------------------
2020 01
2020 02
2020 03
2020 04
2020 05
2020 06
2020 07
2020 08
2020 09
2020 10
2020 11
2020 12
-----------------------------------
           N/A    N/A    N/A     90

