                     CLIMATOLOGICAL SUMMARY for year 2019


NAME: Wainuiomata, Lower Hutt, New Zealand                  
ELEV: 107 meters    LAT: 41-15.12 S    LONG: 174-57.24 E


                                       TEMPERATURE (C)

                              HEAT    COOL                              MAX    MAX    MIN    MIN
          MEAN   MEAN         DEG     DEG                                >=     <=     <=     <=
 YR  MO   MAX    MIN    MEAN  DAYS    DAYS      HI  DAY     LOW  DAY     30      0      0    -20
------------------------------------------------------------------------------------------------
2019 01   25.7   13.5   18.9   36.0   68.9    33.9   29     7.0   25      1      0      0      0
2019 02   23.8   12.0   17.7   72.4   39.7    29.3   13     2.6   26      0      0      0      0
2019 03   23.5   11.5   16.6  102.9    6.9    26.8   05     2.9   01      0      0      0      0
2019 04   17.3    8.3   12.4  321.2    0.0    23.3   26     0.8   19      0      0      0      0
2019 05   17.8    8.1   12.6  318.5    0.0    20.9   06     1.2   02      0      0      0      0
2019 06   14.0    4.4    8.9  508.2    0.0    18.6   14    -1.7   20      0      0      4      0
2019 07   14.6    5.9   10.0  467.2    0.0    18.8   26     0.4   01      0      0      0      0
2019 08   14.1    3.2    8.5  546.8    0.0    17.2   31    -3.6   19      0      0      6      0
2019 09   15.5    4.8    9.9  454.5    0.0    18.8   03    -0.6   11      0      0      3      0
2019 10   17.0    6.2   11.3  390.8    0.0    20.7   26    -1.7   04      0      0      1      0
2019 11   21.2    9.9   15.1  173.1    0.1    28.4   30     3.1   21      0      0      0      0
2019 12   22.5   10.6   16.0  128.2    0.4    26.8   12     4.1   10      0      0      0      0
------------------------------------------------------------------------------------------------
          18.9    8.2   13.2 3519.8  115.9    33.9  Jan    -3.6  Aug      1      0     14      0


                  PRECIPITATION (mm)

                  MAX         ---DAYS OF RAIN---
                  OBS.               OVER
 YR  MO  TOTAL    DAY  DATE   0.30   3.00  30.00
------------------------------------------------
2019 01   64.0   26.0    14      6      4      0
2019 02   37.0   24.0    24      5      2      0
2019 03   83.0   49.0    08      7      4      1
2019 04  286.0   50.0    06     16     12      4
2019 05   76.0   13.0    13     11      9      0
2019 06   97.0   31.0    01     15      6      1
2019 07  184.0   28.0    03     17     13      0
2019 08  112.0   29.0    12     12      9      0
2019 09  100.0   37.0    06     14      8      1
2019 10  150.0   22.0    18     17     11      0
2019 11   67.0   17.0    10      8      8      0
2019 12  156.0   72.0    08     11      7      1
------------------------------------------------
        1412.0   72.0   Dec    139     93      8


           WIND SPEED (m/s)

                                DOM
 YR  MO    AVG     HI   DATE    DIR
-----------------------------------
2019 01
2019 02
2019 03
2019 04
2019 05
2019 06
2019 07
2019 08
2019 09
2019 10
2019 11
2019 12
-----------------------------------
           N/A    N/A    N/A     90

