                     CLIMATOLOGICAL SUMMARY for year 2016


NAME: Wainuiomata, Lower Hutt, New Zealand                  
ELEV: 107 meters    LAT: 41-15.12 S    LONG: 174-57.24 E


                                       TEMPERATURE (C)

                              HEAT    COOL                              MAX    MAX    MIN    MIN
          MEAN   MEAN         DEG     DEG                                >=     <=     <=     <=
 YR  MO   MAX    MIN    MEAN  DAYS    DAYS      HI  DAY     LOW  DAY     30      0      0    -20
------------------------------------------------------------------------------------------------
2016 01   23.3   13.2   17.5   70.8   25.8    28.6   17     2.8   04      0      0      0      0
2016 02   25.9   14.5   19.5   12.0   73.3    31.1   03    10.4   13      1      0      0      0
2016 03   22.9   11.6   16.7  113.8   22.6    28.5   06     4.6   02      0      0      0      0
2016 04   19.9    7.3   13.4  268.0    0.0    22.4   20    -0.2   13      0      0      1      0
2016 05   16.6    9.5   12.9  302.5    0.0    20.5   08     1.2   01      0      0      0      0
2016 06   15.0    6.1   10.1  446.8    0.0    19.7   09    -0.9   07      0      0      4      0
2016 07   13.6    3.9    9.0  521.5    0.0    16.1   17    -2.3   11      0      0      5      0
2016 08   13.5    2.9    7.8  585.7    0.0    17.8   31    -3.0   10      0      0      7      0
2016 09   14.8    7.7   10.9  401.3    0.0    21.3   30     0.8   10      0      0      0      0
2016 10   17.0    7.5   12.0  352.4    0.0    20.9   03     0.3   22      0      0      0      0
2016 11   18.8   10.4   14.1  227.2    0.0    23.2   08     5.3   08      0      0      0      0
2016 12   20.6   10.6   15.3  171.6    0.4    26.5   09     4.1   02      0      0      0      0
------------------------------------------------------------------------------------------------
          18.5    8.7   13.2 3473.6  122.1    31.1  Feb    -3.0  Aug      1      0     17      0


                  PRECIPITATION (mm)

                  MAX         ---DAYS OF RAIN---
                  OBS.               OVER
 YR  MO  TOTAL    DAY  DATE   0.30   3.00  30.00
------------------------------------------------
2016 01   99.0   35.0    03      8      5      1
2016 02   58.0   38.0    18      3      2      1
2016 03   22.0    9.0    15      5      2      0
2016 04   37.0   28.0    01      5      2      0
2016 05  261.0   42.0    27     18     14      1
2016 06  215.0   55.0    12     15     11      3
2016 07  110.0   24.0    23     15      7      0
2016 08  193.0   78.0    12     14     10      1
2016 09  205.0   38.0    16     17     11      3
2016 10  134.0   29.0    14     15     10      0
2016 11  261.0   80.0    14     15     10      3
2016 12  136.0   25.0    22     11      8      0
------------------------------------------------
        1731.0   80.0   Nov    141     92     13


           WIND SPEED (m/s)

                                DOM
 YR  MO    AVG     HI   DATE    DIR
-----------------------------------
2016 01
2016 02
2016 03
2016 04
2016 05
2016 06
2016 07
2016 08
2016 09
2016 10
2016 11
2016 12
-----------------------------------
           N/A    N/A    N/A     90

