                     CLIMATOLOGICAL SUMMARY for year 2017


NAME: Wainuiomata, Lower Hutt, New Zealand                  
ELEV: 107 meters    LAT: 41-15.12 S    LONG: 174-57.24 E


                                       TEMPERATURE (C)

                              HEAT    COOL                              MAX    MAX    MIN    MIN
          MEAN   MEAN         DEG     DEG                                >=     <=     <=     <=
 YR  MO   MAX    MIN    MEAN  DAYS    DAYS      HI  DAY     LOW  DAY     30      0      0    -20
------------------------------------------------------------------------------------------------
2017 01   21.2   11.5   15.8  141.3    0.0    25.1   10     4.1   05      0      0      0      0
2017 02   22.4   11.4   16.7   94.8   14.5    30.0   20     3.9   10      1      0      0      0
2017 03   20.8   11.0   15.3  170.0    3.3    28.6   10     3.9   16      0      0      0      0
2017 04   18.5    8.8   13.2  279.0    0.0    24.3   11     1.7   09      0      0      0      0
2017 05   15.3    5.9   10.6  431.3    0.0    19.9   27    -1.7   22      0      0      1      0
2017 06   13.5    2.9    7.9  562.5    0.0    17.2   19    -0.7   18      0      0      5      0
2017 07   12.4    3.6    7.9  584.4    0.0    17.2   25    -1.4   08      0      0      6      0
2017 08   14.1    7.2   10.3  450.3    0.0    17.7   27    -2.3   23      0      0      2      0
2017 09   15.4    6.9   10.5  410.6    0.0    18.9   21     1.2   12      0      0      0      0
2017 10   19.0    8.3   13.1  290.2    0.0    24.4   31     1.2   19      0      0      0      0
2017 11   21.2    8.8   14.7  198.0    0.3    26.6   27     3.3   15      0      0      0      0
2017 12   24.4   12.6   18.1   69.5   55.8    31.0   07     6.1   21      2      0      0      0
------------------------------------------------------------------------------------------------
          18.2    8.2   12.8 3681.9   73.9    31.0  Dec    -2.3  Aug      3      0     14      0


                  PRECIPITATION (mm)

                  MAX         ---DAYS OF RAIN---
                  OBS.               OVER
 YR  MO  TOTAL    DAY  DATE   0.30   3.00  30.00
------------------------------------------------
2017 01  129.0   36.0    22     14     10      1
2017 02  107.0   55.0    02     10      6      1
2017 03  118.0   47.0    12     14      9      2
2017 04  267.0   54.0    05     15     12      3
2017 05   91.0   21.0    11     17     11      0
2017 06   63.0   23.0    23     13      7      0
2017 07  369.0  164.0    13     19     13      3
2017 08  203.0   24.0    13     23     16      0
2017 09  141.0   18.0    17     20     16      0
2017 10   43.0   14.0    07      9      4      0
2017 11   24.0   18.0    08      3      2      0
2017 12   42.0   25.0    26      7      3      0
------------------------------------------------
        1597.0  164.0   Jul    164    109     10


           WIND SPEED (m/s)

                                DOM
 YR  MO    AVG     HI   DATE    DIR
-----------------------------------
2017 01
2017 02
2017 03
2017 04
2017 05
2017 06
2017 07
2017 08
2017 09
2017 10
2017 11
2017 12
-----------------------------------
           N/A    N/A    N/A     90

