                     CLIMATOLOGICAL SUMMARY for year 2021


NAME: Wainuiomata, Lower Hutt, New Zealand                  
ELEV: 107 meters    LAT: 41-15.12 S    LONG: 174-57.24 E


                                       TEMPERATURE (C)

                              HEAT    COOL                              MAX    MAX    MIN    MIN
          MEAN   MEAN         DEG     DEG                                >=     <=     <=     <=
 YR  MO   MAX    MIN    MEAN  DAYS    DAYS      HI  DAY     LOW  DAY     30      0      0    -20
------------------------------------------------------------------------------------------------
2021 01   24.4   12.1   17.6   67.9   28.4    30.3   26     4.6   31      1      0      0      0
2021 02   24.7   10.5   17.0   79.4   14.7    29.1   28     2.9   18      0      0      0      0
2021 03   22.1   10.1   15.5  164.3    5.9    28.7   01     2.2   19      0      0      0      0
2021 04   19.8    8.4   13.8  245.3    0.6    24.9   12     0.6   29      0      0      0      0
2021 05   18.8    6.9   12.0  101.9    0.0    22.2   06    -0.8   02      0      0      1      0
2021 06
2021 07
2021 08
2021 09
2021 10
2021 11
2021 12
------------------------------------------------------------------------------------------------
          22.5   10.0   15.7  658.7   49.6    30.3  Jan    -0.8  May      1      0      1      0


                  PRECIPITATION (mm)

                  MAX         ---DAYS OF RAIN---
                  OBS.               OVER
 YR  MO  TOTAL    DAY  DATE   0.30   3.00  30.00
------------------------------------------------
2021 01   29.0    6.0    07     11      3      0
2021 02   62.0   26.0    16      6      5      0
2021 03   76.0   31.0    30      7      5      1
2021 04   32.0   12.0    01      8      3      0
2021 05   18.0   17.0    09      2      1      0
2021 06
2021 07
2021 08
2021 09
2021 10
2021 11
2021 12
------------------------------------------------
         217.0   31.0   Mar     34     17      1


           WIND SPEED (m/s)

                                DOM
 YR  MO    AVG     HI   DATE    DIR
-----------------------------------
2021 01
2021 02
2021 03
2021 04
2021 05
2021 06
2021 07
2021 08
2021 09
2021 10
2021 11
2021 12
-----------------------------------
           N/A    N/A    N/A     90

